kernel                      grid            us     SM%  DRAM%  DRAM MB(r/w)   ld sect/req st sect/req  L1hit%  L2hit%  occ%  regs  fp64%
rational_forward_kernel     (2048, 1, 1)     63236.7    8.5   19.4   446.8/10732.6     27.44       31.96    37.6    98.2  64.3    53    0.0
rational_forward_kernel     (2048, 1, 1)     64994.2    8.3   19.4   449.9/11036.4     27.43       31.96    31.8    97.2  62.9    53    0.0
rational_forward_kernel     (80, 1, 1)         760.3   27.7    9.1     2.3/60.6         9.14       11.99    82.8    98.6  16.7    53    0.0
rational_input_kernel       (2048, 1, 1)        97.5    8.7   25.9    21.1/1.9         16.50        4.00     4.1    87.5  86.1    36    0.0
rational_parameter_kernel   (1922, 1, 1)       483.0   51.3   16.5    72.2/0.5         20.74        1.00    90.1    66.9  96.3    40    0.0
rational_input_kernel       (2048, 1, 1)      8724.6    1.7   28.7  2282.7/2.5         16.50        4.00     3.1    46.8  90.6    36    0.0
rational_parameter_kernel   (49184, 1, 1)    15234.9   41.8   13.2  1835.5/2.0         20.74        1.00    90.3    66.2  99.5    40    0.0
rational_parameter_kernel   (49184, 1, 1)    16039.4   41.0   13.7  1874.7/61.9        20.74        1.00    90.3    67.6  99.6    40    0.0
rational_forward_kernel     (2048, 1, 1)     64804.7    8.3   19.2   464.6/10858.8     27.44       31.96    35.2    99.1  64.0    53    0.0
rational_forward_kernel     (2048, 1, 1)     66525.8    8.1   19.3   483.9/11219.8     27.42       31.96    30.5   100.2  65.8    53    0.0
rational_forward_kernel     (80, 1, 1)         759.7   27.7    9.4     2.2/62.7         9.14       11.99    82.8    98.7  16.7    53    0.0
