kernel                      grid            us     SM%  DRAM%  DRAM MB(r/w)   ld sect/req st sect/req  L1hit%  L2hit%  occ%  regs  fp64%
rational_forward_kernel     (2048, 1, 1)    116432.7   85.2    4.9    88.3/5156.4      27.48       31.97    42.2    99.6  64.0    59   85.3
rational_forward_kernel     (2048, 1, 1)    116426.3   85.2    4.9    88.4/5084.7      27.38       31.97    42.2    99.6  64.0    59   85.3
rational_forward_kernel     (80, 1, 1)        4653.1   83.2    3.0     4.7/123.6        9.14       15.19    84.7    98.2  16.7    59   85.6
rational_input_kernel       (2048, 1, 1)       106.8   49.4   50.3    43.0/6.0         16.50        8.00     4.4    74.5  90.4    40   53.1
rational_parameter_kernel   (1922, 1, 1)      4785.8   85.1    4.3   188.7/0.5         22.33        1.00    72.3    70.9  62.2    56   87.3
rational_input_kernel       (2048, 1, 1)     12692.6    9.3   28.4  3282.2/4.6         16.50        8.00     3.0    23.7  93.6    40    9.3
rational_parameter_kernel   (49184, 1, 1)   119570.5   87.2    4.5  4948.8/4.0         22.34        1.00    64.7    76.2  65.0    56   87.3
rational_parameter_kernel   (49184, 1, 1)   119592.3   87.2    4.6  4972.4/4.2         22.34        1.00    64.1    75.7  65.1    56   87.3
rational_forward_kernel     (2048, 1, 1)    116436.4   85.2    4.9    88.2/5123.8      27.45       31.97    42.0    99.6  64.0    59   85.3
rational_forward_kernel     (2048, 1, 1)    117851.0   84.9    5.0   155.2/5113.3      27.46       31.97    42.0   100.1  64.0    59   85.3
rational_forward_kernel     (80, 1, 1)        4654.3   83.2    3.0     4.8/123.6        9.14       15.19    84.6    98.2  16.7    59   85.6
