O,B,IK,forward_fma,sgemm_fwd_us,dot_us,param_count,sgemm_param_us,tiled_param_us
24,32,112,86016,9.7,6.9,2712,26.5,12.9
8,32,168,43008,10.5,6.2,1352,23.3,12.3
24,1024,112,2752512,10.8,13.6,2712,34.6,17.3
8,1024,168,1376256,10.7,8.2,1352,38.9,12.6
64,32,448,917504,14.0,8.5,28736,15.1,21.4
16,1024,224,3670016,15.5,9.9,3600,22.9,18.2
32,1024,448,14680064,21.3,21.0,14368,21.5,39.3
64,1024,448,29360128,19.7,38.8,28736,28.7,60.4
80,400,448,14336000,29.3,21.9,35920,35.2,31.2
64,4096,448,117440512,25.0,149.9,28736,42.1,217.9
128,1024,896,117440512,25.8,192.4,114816,34.0,241.5
256,1024,1792,469762048,73.0,965.3,459008,59.0,795.6
10,8192,1792,146800640,92.4,167.7,17930,110.1,338.0
256,8192,1792,-536870912,431.9,7000.8,459008,366.3,6320.3
