m2,base,1,14,hermite,64x64x32x16,32,7,double,m2_resident_full,2,7,94.111900000000006,0.27529999999999999,0.013700000000000045,6638.8925373934317,-36.177446818520593,-2.0462284158028048,2.6340041259231839e-14,2,0.3125;0.28129999999999999;0.26400000000000001;0.28499999999999998;0.27089999999999997;0.26800000000000002;0.27529999999999999
m2,base,1,14,hermite,64x64x32x16,32,7,double,m2_transfer_full,2,7,1.4582999999999999,0.58679999999999999,0.013799999999999923,6638.8925373934317,-36.177446818520593,-2.0462284158028048,2.6340041259231839e-14,2,0.58750000000000002;0.5978;0.57830000000000004;0.5786;0.58679999999999999;0.59699999999999998;0.57809999999999995
m2,new,1,14,hermite,64x64x32x16,32,7,double,m2_resident_full,2,7,63.219299999999997,0.2495,0.0003999999999999837,6638.8925373934317,-36.177446818520593,-2.0462284158028048,2.6340041259231839e-14,2,0.24929999999999999;0.25;0.2495;0.2621;0.2495;0.24940000000000001;0.24879999999999999
m2,new,1,14,hermite,64x64x32x16,32,7,double,m2_transfer_full,2,7,1.5459000000000001,0.64390000000000003,0.013050000000000006,6638.8925373934317,-36.177446818520593,-2.0462284158028048,2.6340041259231839e-14,2,0.64390000000000003;0.6583;0.63329999999999997;0.64690000000000003;0.64580000000000004;0.62690000000000001;0.63329999999999997
m2,base,2,14,hermite,64x64x32x16,32,7,double,m2_resident_full,2,7,65.524699999999996,0.26040000000000002,0.03504999999999997,6638.8925373934317,-36.177446818520593,-2.0462284158028048,2.6340041259231839e-14,2,0.2863;0.26040000000000002;0.28349999999999997;0.73860000000000003;0.24249999999999999;0.24490000000000001;0.25480000000000003
m2,base,2,14,hermite,64x64x32x16,32,7,double,m2_transfer_full,2,7,1.4948999999999999,0.58589999999999998,0.0057500000000000329,6638.8925373934317,-36.177446818520593,-2.0462284158028048,2.6340041259231839e-14,2,0.58589999999999998;0.58430000000000004;0.59160000000000001;0.58499999999999996;0.57879999999999998;0.5917;0.58919999999999995
m2,new,2,14,hermite,64x64x32x16,32,7,double,m2_resident_full,2,7,61.9773,0.31859999999999999,0.034700000000000009,6638.8925373934317,-36.177446818520593,-2.0462284158028048,2.6340041259231839e-14,2,0.29749999999999999;0.33100000000000002;0.32100000000000001;0.31859999999999999;0.34670000000000001;0.28510000000000002;0.25840000000000002
m2,new,2,14,hermite,64x64x32x16,32,7,double,m2_transfer_full,2,7,1.556,0.64780000000000004,0.010399999999999965,6638.8925373934317,-36.177446818520593,-2.0462284158028048,2.6340041259231839e-14,2,0.65510000000000002;0.6653;0.65000000000000002;0.63329999999999997;0.64449999999999996;0.63980000000000004;0.64780000000000004
m2,base,3,14,hermite,64x64x32x16,32,7,double,m2_resident_full,2,7,67.8703,0.25409999999999999,0.0022499999999999742,6638.8925373934317,-36.177446818520593,-2.0462284158028048,2.6340041259231839e-14,2,0.25919999999999999;0.25409999999999999;0.25609999999999999;0.2545;0.25330000000000003;0.252;0.25280000000000002
m2,base,3,14,hermite,64x64x32x16,32,7,double,m2_transfer_full,2,7,1.6334,0.90300000000000002,0.0050999999999999934,6638.8925373934317,-36.177446818520593,-2.0462284158028048,2.6340041259231839e-14,2,0.90959999999999996;0.9103;0.9022;0.90269999999999995;0.90549999999999997;0.90110000000000001;0.90300000000000002
m2,new,3,14,hermite,64x64x32x16,32,7,double,m2_resident_full,2,7,65.369699999999995,0.25340000000000001,0.0014500000000000068,6638.8925373934317,-36.177446818520593,-2.0462284158028048,2.6340041259231839e-14,2,0.2505;0.26150000000000001;0.25340000000000001;0.25369999999999998;0.25359999999999999;0.25240000000000001;0.252
m2,new,3,14,hermite,64x64x32x16,32,7,double,m2_transfer_full,2,7,1.5817000000000001,0.89139999999999997,0.004149999999999987,6638.8925373934317,-36.177446818520593,-2.0462284158028048,2.6340041259231839e-14,2,0.88419999999999999;0.89170000000000005;0.88790000000000002;0.89139999999999997;0.92800000000000005;0.89490000000000003;0.89039999999999997
m2,base,4,14,hermite,64x64x32x16,32,7,double,m2_resident_full,2,7,62.576999999999998,0.27589999999999998,0.0069000000000000172,6638.8925373934317,-36.177446818520593,-2.0462284158028048,2.6340041259231839e-14,2,0.27589999999999998;0.27350000000000002;0.27589999999999998;0.28370000000000001;0.27950000000000003;0.28610000000000002;0.26619999999999999
m2,base,4,14,hermite,64x64x32x16,32,7,double,m2_transfer_full,2,7,1.7399,0.5958,0.0079999999999998961,6638.8925373934317,-36.177446818520593,-2.0462284158028048,2.6340041259231839e-14,2,0.59260000000000002;0.59230000000000005;0.56669999999999998;0.60370000000000001;0.59719999999999995;0.60440000000000005;0.5958
m2,new,4,14,hermite,64x64x32x16,32,7,double,m2_resident_full,2,7,61.459299999999999,0.27829999999999999,0.0063999999999999613,6638.8925373934317,-36.177446818520593,-2.0462284158028048,2.6340041259231839e-14,2,0.28739999999999999;0.28899999999999998;0.27739999999999998;0.2797;0.27689999999999998;0.26879999999999998;0.27829999999999999
m2,new,4,14,hermite,64x64x32x16,32,7,double,m2_transfer_full,2,7,1.4847999999999999,0.59789999999999999,0.0034000000000000696,6638.8925373934317,-36.177446818520593,-2.0462284158028048,2.6340041259231839e-14,2,0.59640000000000004;0.60060000000000002;0.60940000000000005;0.59789999999999999;0.59870000000000001;0.5907;0.59609999999999996
m2,base,1,10,jacobi,64x64x32x16,32,7,double,m2_resident_full,2,7,60.4221,0.33579999999999999,0.00080000000000002292,-1.8081347748234773,-1.0281439054194805,0.15978110026971742,2.2551405187698492e-17,2,0.33610000000000001;0.33479999999999999;0.33579999999999999;0.33550000000000002;0.34210000000000002;0.33560000000000001;0.33660000000000001
m2,base,1,10,jacobi,64x64x32x16,32,7,double,m2_transfer_full,2,7,1.5386,0.6573,0.0095000000000000639,-1.8081347748234773,-1.0281439054194805,0.15978110026971742,2.2551405187698492e-17,2,0.6573;0.65429999999999999;0.67279999999999995;0.65480000000000005;0.6502;0.66439999999999999;0.66369999999999996
m2,new,1,10,jacobi,64x64x32x16,32,7,double,m2_resident_full,2,7,66.743099999999998,0.5071,0.12730000000000008,-1.8081347748234773,-1.0281439054194805,0.15978110026971742,2.2551405187698492e-17,2,0.52400000000000002;0.48849999999999999;0.55889999999999995;0.55710000000000004;0.5071;0.33550000000000002;0.33800000000000002
m2,new,1,10,jacobi,64x64x32x16,32,7,double,m2_transfer_full,2,7,1.5426,0.95450000000000002,0.040049999999999919,-1.8081347748234773,-1.0281439054194805,0.15978110026971742,2.2551405187698492e-17,2,0.95450000000000002;0.95609999999999995;0.94989999999999997;0.95440000000000003;1.0760000000000001;0.95240000000000002;1.0307999999999999
m2,base,2,10,jacobi,64x64x32x16,32,7,double,m2_resident_full,2,7,66.764099999999999,0.37609999999999999,0.0058000000000000274,-1.8081347748234773,-1.0281439054194805,0.15978110026971742,2.2551405187698492e-17,2,0.38019999999999998;0.37569999999999998;0.39360000000000001;0.37609999999999999;0.37769999999999998;0.37059999999999998;0.36680000000000001
m2,base,2,10,jacobi,64x64x32x16,32,7,double,m2_transfer_full,2,7,1.6126,0.69869999999999999,0.11285000000000001,-1.8081347748234773,-1.0281439054194805,0.15978110026971742,2.2551405187698492e-17,2,0.88680000000000003;0.7913;0.79520000000000002;0.69869999999999999;0.67779999999999996;0.68240000000000001;0.6784
m2,new,2,10,jacobi,64x64x32x16,32,7,double,m2_resident_full,2,7,65.864999999999995,0.34639999999999999,0.0019500000000000073,-1.8081347748234773,-1.0281439054194805,0.15978110026971742,2.2551405187698492e-17,2,0.34589999999999999;0.34810000000000002;0.3382;1.4596;0.34639999999999999;0.3463;0.34799999999999998
m2,new,2,10,jacobi,64x64x32x16,32,7,double,m2_transfer_full,2,7,1.5189999999999999,0.67520000000000002,0.016550000000000065,-1.8081347748234773,-1.0281439054194805,0.15978110026971742,2.2551405187698492e-17,2,0.67900000000000005;0.67520000000000002;0.66659999999999997;0.68440000000000001;0.66369999999999996;0.74350000000000005;0.65920000000000001
m2,base,3,10,jacobi,64x64x32x16,32,7,double,m2_resident_full,2,7,67.820599999999999,0.3422,0.017500000000000016,-1.8081347748234773,-1.0281439054194805,0.15978110026971742,2.2551405187698492e-17,2,0.3352;0.38009999999999999;0.3679;0.33950000000000002;0.3422;0.34499999999999997;0.33839999999999998
m2,base,3,10,jacobi,64x64x32x16,32,7,double,m2_transfer_full,2,7,1.5416000000000001,0.72099999999999997,0.015600000000000058,-1.8081347748234773,-1.0281439054194805,0.15978110026971742,2.2551405187698492e-17,2,0.71150000000000002;0.72099999999999997;0.72409999999999997;0.71060000000000001;0.70730000000000004;0.74390000000000001;0.72919999999999996
m2,new,3,10,jacobi,64x64x32x16,32,7,double,m2_resident_full,2,7,67.603899999999996,0.38100000000000001,0.025499999999999967,-1.8081347748234773,-1.0281439054194805,0.15978110026971742,2.2551405187698492e-17,2,0.44209999999999999;0.3826;0.35680000000000001;0.38100000000000001;0.38819999999999999;0.34000000000000002;0.36299999999999999
m2,new,3,10,jacobi,64x64x32x16,32,7,double,m2_transfer_full,2,7,1.4863,0.69920000000000004,0.039400000000000102,-1.8081347748234773,-1.0281439054194805,0.15978110026971742,2.2551405187698492e-17,2,0.6613;0.69920000000000004;0.67759999999999998;0.72440000000000004;0.70960000000000001;0.77190000000000003;0.67759999999999998
m2,base,4,10,jacobi,64x64x32x16,32,7,double,m2_resident_full,2,7,65.177700000000002,0.36509999999999998,0.010900000000000021,-1.8081347748234773,-1.0281439054194805,0.15978110026971742,2.2551405187698492e-17,2,0.36509999999999998;0.36259999999999998;0.37180000000000002;0.35249999999999998;0.36799999999999999;0.35210000000000002;0.36890000000000001
m2,base,4,10,jacobi,64x64x32x16,32,7,double,m2_transfer_full,2,7,1.4992000000000001,0.6633,0.011450000000000071,-1.8081347748234773,-1.0281439054194805,0.15978110026971742,2.2551405187698492e-17,2,0.66959999999999997;0.67290000000000005;0.65459999999999996;0.65700000000000003;0.6633;0.66490000000000005;0.65290000000000004
m2,new,4,10,jacobi,64x64x32x16,32,7,double,m2_resident_full,2,7,68.919399999999996,0.33439999999999998,0.00050000000000000044,-1.8081347748234773,-1.0281439054194805,0.15978110026971742,2.2551405187698492e-17,2,0.33479999999999999;0.33479999999999999;0.33410000000000001;0.33439999999999998;0.33539999999999998;0.3342;0.33439999999999998
m2,new,4,10,jacobi,64x64x32x16,32,7,double,m2_transfer_full,2,7,1.5341,0.72560000000000002,0.011149999999999993,-1.8081347748234773,-1.0281439054194805,0.15978110026971742,2.2551405187698492e-17,2,0.73560000000000003;0.73609999999999998;0.71389999999999998;0.72560000000000002;0.71940000000000004;0.7218;0.72789999999999999
m2,base,1,20,gaussian_rbf,16x24x8,32,7,double,m2_resident_full,2,7,63.8855,0.21179999999999999,0.0063000000000000278,-2.5147067658424285,-4.1235709961843403,-0.25383469804693487,1.3877787807814457e-17,2,0.2631;0.22259999999999999;0.21060000000000001;0.21179999999999999;0.21179999999999999;0.21099999999999999;0.21079999999999999
m2,base,1,20,gaussian_rbf,16x24x8,32,7,double,m2_transfer_full,2,7,0.87109999999999999,0.37519999999999998,0.02629999999999999,-2.5147067658424285,-4.1235709961843403,-0.25383469804693487,1.3877787807814457e-17,2,0.36509999999999998;0.37390000000000001;0.37519999999999998;0.36730000000000002;0.37540000000000001;0.42249999999999999;0.41839999999999999
m2,new,1,20,gaussian_rbf,16x24x8,32,7,double,m2_resident_full,2,7,68.521900000000002,0.214,0.015149999999999997,-2.5147067658424285,-4.1235709961843403,-0.25383469804693487,1.3877787807814457e-17,2,0.25;0.214;0.21260000000000001;0.24249999999999999;0.2109;0.214;0.21360000000000001
m2,new,1,20,gaussian_rbf,16x24x8,32,7,double,m2_transfer_full,2,7,0.76200000000000001,0.34129999999999999,0.00040000000000001146,-2.5147067658424285,-4.1235709961843403,-0.25383469804693487,1.3877787807814457e-17,2,0.34129999999999999;0.34129999999999999;0.34189999999999998;0.34449999999999997;0.34050000000000002;0.34129999999999999;0.34110000000000001
m2,base,2,20,gaussian_rbf,16x24x8,32,7,double,m2_resident_full,2,7,60.303800000000003,0.21440000000000001,0.0031500000000000139,-2.5147067658424285,-4.1235709961843403,-0.25383469804693487,1.3877787807814457e-17,2,0.21479999999999999;0.22239999999999999;0.21329999999999999;0.21440000000000001;0.2155;0.2092;0.2107
m2,base,2,20,gaussian_rbf,16x24x8,32,7,double,m2_transfer_full,2,7,0.82689999999999997,0.36030000000000001,0.017699999999999994,-2.5147067658424285,-4.1235709961843403,-0.25383469804693487,1.3877787807814457e-17,2,0.36430000000000001;0.34350000000000003;0.33579999999999999;0.3579;0.3725;0.36030000000000001;0.37380000000000002
m2,new,2,20,gaussian_rbf,16x24x8,32,7,double,m2_resident_full,2,7,65.349100000000007,0.21260000000000001,0.0052000000000000102,-2.5147067658424285,-4.1235709961843403,-0.25383469804693487,1.3877787807814457e-17,2,0.2152;0.215;0.26529999999999998;0.2102;0.2094;0.20960000000000001;0.21260000000000001
m2,new,2,20,gaussian_rbf,16x24x8,32,7,double,m2_transfer_full,2,7,0.96799999999999997,0.36020000000000002,0.011900000000000022,-2.5147067658424285,-4.1235709961843403,-0.25383469804693487,1.3877787807814457e-17,2,0.37840000000000001;0.36020000000000002;0.38;0.35489999999999999;0.35389999999999999;0.36030000000000001;0.35999999999999999
m2,base,3,20,gaussian_rbf,16x24x8,32,7,double,m2_resident_full,2,7,65.043300000000002,0.215,0.0012999999999999956,-2.5147067658424285,-4.1235709961843403,-0.25383469804693487,1.3877787807814457e-17,2,0.21729999999999999;0.2165;0.21540000000000001;0.21440000000000001;0.215;0.21360000000000001;0.21490000000000001
m2,base,3,20,gaussian_rbf,16x24x8,32,7,double,m2_transfer_full,2,7,0.79079999999999995,0.33550000000000002,0.0011999999999999789,-2.5147067658424285,-4.1235709961843403,-0.25383469804693487,1.3877787807814457e-17,2,0.33510000000000001;0.3357;0.33979999999999999;0.32790000000000002;0.3362;0.33550000000000002;0.33439999999999998
m2,new,3,20,gaussian_rbf,16x24x8,32,7,double,m2_resident_full,2,7,60.738300000000002,0.21299999999999999,0.00025000000000002798,-2.5147067658424285,-4.1235709961843403,-0.25383469804693487,1.3877787807814457e-17,2,0.2477;0.21310000000000001;0.21249999999999999;0.21299999999999999;0.21299999999999999;0.2127;0.21310000000000001
m2,new,3,20,gaussian_rbf,16x24x8,32,7,double,m2_transfer_full,2,7,0.83109999999999995,0.3417,0.0032999999999999696,-2.5147067658424285,-4.1235709961843403,-0.25383469804693487,1.3877787807814457e-17,2,0.34399999999999997;0.3417;0.3397;0.33979999999999999;0.33929999999999999;0.36080000000000001;0.34210000000000002
m2,base,4,20,gaussian_rbf,16x24x8,32,7,double,m2_resident_full,2,7,65.887200000000007,0.21110000000000001,0.00085000000000001741,-2.5147067658424285,-4.1235709961843403,-0.25383469804693487,1.3877787807814457e-17,2,0.20979999999999999;0.21099999999999999;0.2117;0.21110000000000001;0.21060000000000001;0.21160000000000001;0.21709999999999999
m2,base,4,20,gaussian_rbf,16x24x8,32,7,double,m2_transfer_full,2,7,0.82289999999999996,0.3463,0.022150000000000003,-2.5147067658424285,-4.1235709961843403,-0.25383469804693487,1.3877787807814457e-17,2,0.38169999999999998;0.36320000000000002;0.35649999999999998;0.32119999999999999;0.3463;0.33489999999999998;0.34050000000000002
m2,new,4,20,gaussian_rbf,16x24x8,32,7,double,m2_resident_full,2,7,64.1233,0.215,0.0015999999999999903,-2.5147067658424285,-4.1235709961843403,-0.25383469804693487,1.3877787807814457e-17,2,0.21390000000000001;0.2107;0.2155;0.215;0.216;0.22259999999999999;0.21440000000000001
m2,new,4,20,gaussian_rbf,16x24x8,32,7,double,m2_transfer_full,2,7,0.85150000000000003,0.38009999999999999,0.014750000000000041,-2.5147067658424285,-4.1235709961843403,-0.25383469804693487,1.3877787807814457e-17,2,0.38200000000000001;0.377;0.38009999999999999;0.37559999999999999;0.40010000000000001;0.41170000000000001;0.36049999999999999
m2,base,1,16,fourier,16x24x8,32,7,double,m2_resident_full,2,7,64.893199999999993,0.18410000000000001,0.00054999999999999494,-2.1006626220767268,-4.8061235251974406,-0.24769172572736672,1.5612511283791264e-17,2,0.1847;0.18410000000000001;0.19289999999999999;0.1837;0.184;0.18440000000000001;0.184
m2,base,1,16,fourier,16x24x8,32,7,double,m2_transfer_full,2,7,0.83760000000000001,0.33410000000000001,0.014299999999999979,-2.1006626220767268,-4.8061235251974406,-0.24769172572736672,1.5612511283791264e-17,2,0.3407;0.33339999999999997;0.32100000000000001;0.32150000000000001;0.34279999999999999;0.33410000000000001;0.38279999999999997
m2,new,1,16,fourier,16x24x8,32,7,double,m2_resident_full,2,7,59.3538,0.1845,0.001899999999999985,-2.1006626220767268,-4.8061235251974406,-0.24769172572736672,1.5612511283791264e-17,2,0.18659999999999999;0.1842;0.18340000000000001;0.18729999999999999;0.1845;0.185;0.18360000000000001
m2,new,1,16,fourier,16x24x8,32,7,double,m2_transfer_full,2,7,0.79669999999999996,0.33729999999999999,0.011199999999999988,-2.1006626220767268,-4.8061235251974406,-0.24769172572736672,1.5612511283791264e-17,2,0.36549999999999999;0.33729999999999999;0.34239999999999998;0.34110000000000001;0.33589999999999998;0.32190000000000002;0.32519999999999999
m2,base,2,16,fourier,16x24x8,32,7,double,m2_resident_full,2,7,66.724699999999999,0.29509999999999997,0.0082000000000000406,-2.1006626220767268,-4.8061235251974406,-0.24769172572736672,1.5612511283791264e-17,2,0.39929999999999999;0.29509999999999997;0.29920000000000002;0.30030000000000001;0.29120000000000001;0.29070000000000001;0.29189999999999999
m2,base,2,16,fourier,16x24x8,32,7,double,m2_transfer_full,2,7,0.80840000000000001,0.56169999999999998,0.0085500000000000576,-2.1006626220767268,-4.8061235251974406,-0.24769172572736672,1.5612511283791264e-17,2,0.64670000000000005;0.56999999999999995;0.56130000000000002;0.56010000000000004;0.56850000000000001;0.56169999999999998;0.55879999999999996
m2,new,2,16,fourier,16x24x8,32,7,double,m2_resident_full,2,7,65.626000000000005,0.1895,0.0055000000000000049,-2.1006626220767268,-4.8061235251974406,-0.24769172572736672,1.5612511283791264e-17,2,0.20280000000000001;0.19850000000000001;0.1895;0.19059999999999999;0.18909999999999999;0.189;0.18099999999999999
m2,new,2,16,fourier,16x24x8,32,7,double,m2_transfer_full,2,7,0.82210000000000005,0.3105,0.0081499999999999906,-2.1006626220767268,-4.8061235251974406,-0.24769172572736672,1.5612511283791264e-17,2,0.3105;0.29580000000000001;0.31;0.31119999999999998;0.32390000000000002;0.30880000000000002;0.36309999999999998
m2,base,3,16,fourier,16x24x8,32,7,double,m2_resident_full,2,7,65.699799999999996,0.18440000000000001,0.0047500000000000042,-2.1006626220767268,-4.8061235251974406,-0.24769172572736672,1.5612511283791264e-17,2,0.18410000000000001;0.193;0.18340000000000001;0.18440000000000001;0.18440000000000001;0.18379999999999999;0.28599999999999998
m2,base,3,16,fourier,16x24x8,32,7,double,m2_transfer_full,2,7,0.78159999999999996,0.31030000000000002,0.011350000000000027,-2.1006626220767268,-4.8061235251974406,-0.24769172572736672,1.5612511283791264e-17,2,0.30630000000000002;0.32029999999999997;0.30859999999999999;0.30959999999999999;0.33179999999999998;0.3206;0.31030000000000002
m2,new,3,16,fourier,16x24x8,32,7,double,m2_resident_full,2,7,60.196800000000003,0.192,0.0052500000000000047,-2.1006626220767268,-4.8061235251974406,-0.24769172572736672,1.5612511283791264e-17,2,0.1918;0.1903;0.1961;0.192;0.19650000000000001;0.18790000000000001;0.1978
m2,new,3,16,fourier,16x24x8,32,7,double,m2_transfer_full,2,7,0.77969999999999995,0.31140000000000001,0.010549999999999948,-2.1006626220767268,-4.8061235251974406,-0.24769172572736672,1.5612511283791264e-17,2,0.32779999999999998;0.31209999999999999;0.308;0.33119999999999999;0.31140000000000001;0.31080000000000002;0.30430000000000001
m2,base,4,16,fourier,16x24x8,32,7,double,m2_resident_full,2,7,59.570599999999999,0.18479999999999999,0.0010000000000000286,-2.1006626220767268,-4.8061235251974406,-0.24769172572736672,1.5612511283791264e-17,2,0.18590000000000001;0.18459999999999999;0.18479999999999999;0.18329999999999999;0.186;0.18479999999999999;0.1855
m2,base,4,16,fourier,16x24x8,32,7,double,m2_transfer_full,2,7,0.83760000000000001,0.34889999999999999,0.021150000000000002,-2.1006626220767268,-4.8061235251974406,-0.24769172572736672,1.5612511283791264e-17,2,0.35399999999999998;0.33610000000000001;0.3579;0.33169999999999999;0.33350000000000002;0.34889999999999999;0.3795
m2,new,4,16,fourier,16x24x8,32,7,double,m2_resident_full,2,7,60.537300000000002,0.19040000000000001,0.00084999999999998965,-2.1006626220767268,-4.8061235251974406,-0.24769172572736672,1.5612511283791264e-17,2,0.19070000000000001;0.19;0.19040000000000001;0.19350000000000001;0.18890000000000001;0.1908;0.1898
m2,new,4,16,fourier,16x24x8,32,7,double,m2_transfer_full,2,7,0.83309999999999995,0.31909999999999999,0.047099999999999975,-2.1006626220767268,-4.8061235251974406,-0.24769172572736672,1.5612511283791264e-17,2,0.31909999999999999;0.3024;0.39129999999999998;0.29670000000000002;0.31190000000000001;0.3468;0.36170000000000002
m2,base,1,18,fourier,64x64x32x16,32,7,double,m2_resident_full,2,7,62.555199999999999,0.2646,0.0009000000000000119,-0.34572569532872127,-10.174438110755741,0.24209764692507935,2.4286128663675299e-17,2,0.26529999999999998;0.26469999999999999;0.26329999999999998;0.2656;0.26379999999999998;0.2646;0.26440000000000002
m2,base,1,18,fourier,64x64x32x16,32,7,double,m2_transfer_full,2,7,1.6032,0.65039999999999998,0.0073999999999999622,-0.34572569532872127,-10.174438110755741,0.24209764692507935,2.4286128663675299e-17,2,0.65239999999999998;0.66300000000000003;0.6583;0.65039999999999998;0.64670000000000005;0.6492;0.62429999999999997
m2,new,1,18,fourier,64x64x32x16,32,7,double,m2_resident_full,2,7,61.914400000000001,0.26619999999999999,0.0080999999999999961,-0.34572569532872127,-10.174438110755741,0.24209764692507935,2.4286128663675299e-17,2,0.27029999999999998;0.27239999999999998;0.26240000000000002;0.26150000000000001;0.26619999999999999;0.26229999999999998;0.27060000000000001
m2,new,1,18,fourier,64x64x32x16,32,7,double,m2_transfer_full,2,7,1.4240999999999999,0.60040000000000004,0.025649999999999951,-0.34572569532872127,-10.174438110755741,0.24209764692507935,2.4286128663675299e-17,2,0.60040000000000004;0.64629999999999999;0.61529999999999996;0.59019999999999995;0.58520000000000005;0.58620000000000005;0.61240000000000006
m2,base,2,18,fourier,64x64x32x16,32,7,double,m2_resident_full,2,7,65.820300000000003,0.26569999999999999,0.0074000000000000177,-0.34572569532872127,-10.174438110755741,0.24209764692507935,2.4286128663675299e-17,2,0.26569999999999999;0.2646;0.27239999999999998;0.25979999999999998;0.27100000000000002;0.26400000000000001;0.32740000000000002
m2,base,2,18,fourier,64x64x32x16,32,7,double,m2_transfer_full,2,7,1.5697000000000001,0.93820000000000003,0.043150000000000022,-0.34572569532872127,-10.174438110755741,0.24209764692507935,2.4286128663675299e-17,2,0.9758;0.95789999999999997;0.96089999999999998;0.91059999999999997;0.90690000000000004;0.93820000000000003;0.92190000000000005
m2,new,2,18,fourier,64x64x32x16,32,7,double,m2_resident_full,2,7,65.272400000000005,0.26690000000000003,0.040549999999999975,-0.34572569532872127,-10.174438110755741,0.24209764692507935,2.4286128663675299e-17,2,0.29730000000000001;0.35620000000000002;0.31419999999999998;0.26690000000000003;0.26369999999999999;0.26590000000000003;0.26450000000000001
m2,new,2,18,fourier,64x64x32x16,32,7,double,m2_transfer_full,2,7,1.5128999999999999,0.63260000000000005,0.01254999999999995,-0.34572569532872127,-10.174438110755741,0.24209764692507935,2.4286128663675299e-17,2,0.63290000000000002;0.63260000000000005;0.61350000000000005;0.61270000000000002;0.63560000000000005;0.64929999999999999;0.62990000000000002
m2,base,3,18,fourier,64x64x32x16,32,7,double,m2_resident_full,2,7,65.371200000000002,0.26119999999999999,0.0061500000000000443,-0.34572569532872127,-10.174438110755741,0.24209764692507935,2.4286128663675299e-17,2,0.27239999999999998;0.26300000000000001;0.26069999999999999;0.26119999999999999;0.27050000000000002;0.25969999999999999;0.26050000000000001
m2,base,3,18,fourier,64x64x32x16,32,7,double,m2_transfer_full,2,7,1.5975999999999999,0.90259999999999996,0.013900000000000023,-0.34572569532872127,-10.174438110755741,0.24209764692507935,2.4286128663675299e-17,2,0.90259999999999996;0.95079999999999998;0.9002;0.89670000000000005;0.88980000000000004;0.91910000000000003;0.90559999999999996
m2,new,3,18,fourier,64x64x32x16,32,7,double,m2_resident_full,2,7,68.5899,0.2651,0.00095000000000000639,-0.34572569532872127,-10.174438110755741,0.24209764692507935,2.4286128663675299e-17,2,0.2651;0.26440000000000002;0.26669999999999999;0.26500000000000001;0.26500000000000001;0.26519999999999999;0.31119999999999998
m2,new,3,18,fourier,64x64x32x16,32,7,double,m2_transfer_full,2,7,1.4621999999999999,0.60109999999999997,0.0051499999999999879,-0.34572569532872127,-10.174438110755741,0.24209764692507935,2.4286128663675299e-17,2,0.60109999999999997;0.59899999999999998;0.60599999999999998;0.60599999999999998;0.59989999999999999;0.60319999999999996;0.59860000000000002
m2,base,4,18,fourier,64x64x32x16,32,7,double,m2_resident_full,2,7,60.501100000000001,0.2681,0.008649999999999991,-0.34572569532872127,-10.174438110755741,0.24209764692507935,2.4286128663675299e-17,2,0.27479999999999999;0.26319999999999999;0.26400000000000001;0.27079999999999999;0.2681;0.26429999999999998;0.32579999999999998
m2,base,4,18,fourier,64x64x32x16,32,7,double,m2_transfer_full,2,7,1.6274999999999999,0.65580000000000005,0.00505000000000011,-0.34572569532872127,-10.174438110755741,0.24209764692507935,2.4286128663675299e-17,2,0.65400000000000003;0.65800000000000003;0.64359999999999995;0.65269999999999995;0.70189999999999997;0.65580000000000005;0.65880000000000005
m2,new,4,18,fourier,64x64x32x16,32,7,double,m2_resident_full,2,7,67.662400000000005,0.26960000000000001,0.0098499999999999699,-0.34572569532872127,-10.174438110755741,0.24209764692507935,2.4286128663675299e-17,2,0.26140000000000002;0.30249999999999999;0.26960000000000001;0.26329999999999998;0.2722;0.26190000000000002;0.2727
m2,new,4,18,fourier,64x64x32x16,32,7,double,m2_transfer_full,2,7,1.5225,0.62639999999999996,0.0075500000000000567,-0.34572569532872127,-10.174438110755741,0.24209764692507935,2.4286128663675299e-17,2,0.64700000000000002;0.63819999999999999;0.61850000000000005;0.62660000000000005;0.62490000000000001;0.62480000000000002;0.62639999999999996
m4,base,1,3,rational_1_1,64x64x32x16,1024,1/1,double,m4_resident_full,2,7,89.889700000000005,3.6002000000000001,0.11359999999999992,-102.59849284793084,1.222523667496787,0.31678583157371071,3.4694469519536142e-18,2,3.5583999999999998;3.5562999999999998;3.6602000000000001;3.6002000000000001;3.8978000000000002;3.5590000000000002;3.6844000000000001
m4,base,1,3,rational_1_1,64x64x32x16,1024,1/1,double,m4_transfer_full,2,7,5.9782000000000002,4.9230999999999998,0.21539999999999981,-102.59849284793084,1.222523667496787,0.31678583157371071,3.4694469519536142e-18,2,5.2446999999999999;5.0907999999999998;4.9882999999999997;4.8813000000000004;4.7443;4.7670000000000003;4.9230999999999998
m4,new,1,3,rational_1_1,64x64x32x16,1024,1/1,double,m4_resident_full,2,7,93.728399999999993,3.5598999999999998,0.010350000000000303,-102.59849284793084,1.222523667496787,0.31678583157371071,3.4694469519536142e-18,2,3.5571999999999999;3.5678000000000001;3.5558000000000001;3.5533000000000001;3.5598999999999998;3.5659000000000001;3.6515
m4,new,1,3,rational_1_1,64x64x32x16,1024,1/1,double,m4_transfer_full,2,7,6.1140999999999996,4.9878,0.19900000000000073,-102.59849284793084,1.222523667496787,0.31678583157371071,3.4694469519536142e-18,2,4.8682999999999996;5.0445000000000002;4.9878;5.0572999999999997;4.7023000000000001;4.8354999999999997;5.1428000000000003
m4,base,2,3,rational_1_1,64x64x32x16,1024,1/1,double,m4_resident_full,2,7,74.352000000000004,3.6048,0.079849999999999532,-102.59849284793084,1.222523667496787,0.31678583157371071,3.4694469519536142e-18,2,3.8628999999999998;3.6048;3.5699999999999998;3.5769000000000002;3.5644999999999998;3.6238999999999999;3.6827000000000001
m4,base,2,3,rational_1_1,64x64x32x16,1024,1/1,double,m4_transfer_full,2,7,6.0841000000000003,5.0469999999999997,0.26900000000000013,-102.59849284793084,1.222523667496787,0.31678583157371071,3.4694469519536142e-18,2,5.1622000000000003;5.6478999999999999;5.1902999999999997;5.0469999999999997;4.9448999999999996;4.8391999999999999;4.8696000000000002
m4,new,2,3,rational_1_1,64x64x32x16,1024,1/1,double,m4_resident_full,2,7,102.2912,3.5823999999999998,0.071000000000000174,-102.59849284793084,1.222523667496787,0.31678583157371071,3.4694469519536142e-18,2,3.5722;3.5817000000000001;3.5871;3.5756999999999999;3.5823999999999998;3.7122999999999999;3.7435999999999998
m4,new,2,3,rational_1_1,64x64x32x16,1024,1/1,double,m4_transfer_full,2,7,6.2713000000000001,4.9443000000000001,0.2317499999999999,-102.59849284793084,1.222523667496787,0.31678583157371071,3.4694469519536142e-18,2,5.1395999999999997;5.0795000000000003;4.8776999999999999;4.8768000000000002;4.8779000000000003;4.9443000000000001;6.9978999999999996
m4,base,3,3,rational_1_1,64x64x32x16,1024,1/1,double,m4_resident_full,2,7,104.0826,3.5746000000000002,0.090899999999999981,-102.59849284793084,1.222523667496787,0.31678583157371071,3.4694469519536142e-18,2,3.5552999999999999;3.5548999999999999;3.5724999999999998;4.0968;3.6972;3.5746000000000002;3.6124000000000001
m4,base,3,3,rational_1_1,64x64x32x16,1024,1/1,double,m4_transfer_full,2,7,6.2633999999999999,5.0617999999999999,0.19885000000000019,-102.59849284793084,1.222523667496787,0.31678583157371071,3.4694469519536142e-18,2,5.2206000000000001;5.1402999999999999;5.0617999999999999;4.8959000000000001;4.8723000000000001;4.9970999999999997;5.1504000000000003
m4,new,3,3,rational_1_1,64x64x32x16,1024,1/1,double,m4_resident_full,2,7,148.45400000000001,3.6452,0.066849999999999632,-102.59849284793084,1.222523667496787,0.31678583157371071,3.4694469519536142e-18,2,3.6682999999999999;3.6452;3.6267999999999998;3.8203999999999998;3.5112999999999999;3.5568;3.649
m4,new,3,3,rational_1_1,64x64x32x16,1024,1/1,double,m4_transfer_full,2,7,6.1500000000000004,5.4878999999999998,0.29410000000000025,-102.59849284793084,1.222523667496787,0.31678583157371071,3.4694469519536142e-18,2,5.2011000000000003;5.4878999999999998;5.5777999999999999;5.4882999999999997;5.0713999999999997;5.2530000000000001;5.5540000000000003
m4,base,4,3,rational_1_1,64x64x32x16,1024,1/1,double,m4_resident_full,2,7,89.634100000000004,3.6097999999999999,0.093949999999999978,-102.59849284793084,1.222523667496787,0.31678583157371071,3.4694469519536142e-18,2,3.6042999999999998;3.6036999999999999;3.7298;3.6707000000000001;3.6097999999999999;3.6082999999999998;3.7597
m4,base,4,3,rational_1_1,64x64x32x16,1024,1/1,double,m4_transfer_full,2,7,6.0143000000000004,5.2961999999999998,0.87439999999999962,-102.59849284793084,1.222523667496787,0.31678583157371071,3.4694469519536142e-18,2,6.8106999999999998;6.0610999999999997;5.2961999999999998;4.8689;4.944;4.9645999999999999;5.5963000000000003
m4,new,4,3,rational_1_1,64x64x32x16,1024,1/1,double,m4_resident_full,2,7,84.769499999999994,3.6019999999999999,0.020150000000000112,-102.59849284793084,1.222523667496787,0.31678583157371071,3.4694469519536142e-18,2,3.6044;3.6019999999999999;3.5998999999999999;3.5785999999999998;3.5785999999999998;3.6143999999999998;3.6295000000000002
m4,new,4,3,rational_1_1,64x64x32x16,1024,1/1,double,m4_transfer_full,2,7,6.1684999999999999,5.0876999999999999,0.26970000000000027,-102.59849284793084,1.222523667496787,0.31678583157371071,3.4694469519536142e-18,2,5.3211000000000004;5.1654999999999998;4.8139000000000003;5.0876999999999999;5.3083999999999998;4.9284999999999997;5.0060000000000002
